1000, 1500, 2400
0, 0, 0
1000, 1500, 2400
0, 0, 0
1000, 1500, 2400
0, 0, 0
1000, 1500, 2400
0, 0, 0
1000, 1500, 2400
0, 0, 0
1000, 1500, 2400
0, 0, 0
1000, 1500, 2400
0, 0, 0
1000, 1500, 2400
0, 0, 0
1000, 1500, 2400
0, 0, 0
1000, 1500, 2400
0, 0, 0
1000, 1500, 2400
0, 0, 0
1000, 1500, 2400
0, 0, 0
1000, 1500, 2400
0, 0, 0
1000, 1500, 2400
0, 0, 0
1000, 1500, 2400
0, 0, 0
1000, 1500, 2400
0, 0, 0
1000, 1500, 2400
0, 0, 0
1000, 1500, 2400
0, 0, 0
1000, 1500, 2400
0, 0, 0
1000, 1500, 2400
0, 0, 0
1000, 1500, 2400
0, 0, 0
1000, 1500, 2400
0, 0, 0
1000, 1500, 2400
0, 0, 0
1000, 1500, 2400
0, 0, 0
1000, 1500, 2400
0, 0, 0
1000, 1500, 2400
0, 0, 0
1000, 1500, 2400
0, 0, 0
1000, 1500, 2400
0, 0, 0
1000, 1500, 2400
0, 0, 0
1000, 1500, 2400
0, 0, 0
1000, 1500, 2400
0, 0, 0
1000, 1500, 2400
0, 0, 0
1000, 1500, 2400
0, 0, 0
1000, 1500, 2400
0, 0, 0
1000, 1500, 2400
0, 0, 0
1000, 1500, 2400
0, 0, 0
1000, 1500, 2400
0, 0, 0
1000, 1500, 2400
0, 0, 0
1000, 1500, 2400
0, 0, 0
1000, 1500, 2400
0, 0, 0

